Jab;0;0;0;0;0;0;2;000000;
Lunge;0;1;0;0;0;0;4;100000;
Dodge;0;1;0;0;0;0;0;010000;
Kick;0;0;0;1;0;0;3;000000;
Energize;0;-5;1;0;0;0;0;000000;
Heal;0;0;-2;0;0;0;0;000000;
Air Blast;1;0;0;1;0;0;5;000000;
Zap;0;1;0;2;0;0;6;000000;
Block;0;0;1;0;0;0;0;010000;
Riposte;0;0;0;0;0;0;0;001000;
Puncture;0;1;0;0;1;0;2;000000;
Wound;0;0;0;1;0;0;1;000100;
Slash;0;0;0;0;0;0;0;000100;
Shield;0;1;1;0;0;0;011000;
Missile;1;0;0;2;0;0;2;000010;
Reckless Jab;0;0;0;2;0;0;4;100000;
Missile Swarm;0;0;0;3;0;0;1;000010;
Cautious Attack;1;1;0;2;0;0;3;001000;
Shatter;0;0;0;2;0;2;0;100010;
Rest;0;-3;-2;1;0;0;0;100000;
Oxygen Drain;-2;1;0;2;2;0;0;000000;
Blood Spear;0;0;1;2;0;3;3;000100;
Ready Shot;0;0;0;0;0;0;0;000001;
Photosynthesis;-2;1;0;1;0;1;0;000000;
True Strike;0;0;0;1;0;0;2;100001;
Grenade;0;-1;0;3;0;0;0;000010;
Focus Strike;1;1;1;2;6;0;0;100001;
Electric Jab;0;0;0;0;0;3;0;000000;
Sucking Jab;0;0;0;1;2;0;0;000000;
Amorphous Attack;1;1;1;2;1;1;1;011111;
Greater Heal;0;0;-100;3;0;0;0;010000;
Overgrowth;1;0;0;3;0;0;5;001000;
Water Conversion;-100;0;1;2;0;0;0;000000;
Speed Roll;0;1;0;3;2;2;2;010010;
Greater Ready Shot;0;0;0;3;0;4;000001;
Heartbind;0;0;0;2;1;1;3;001000;
Greater Lunge;0;0;5;3;0;100;100000;
Greater Oxygen Drain;-5;0;0;3;5;0;0;000000;
Greater Energize;0;-100;0;3;0;0;0;001100;
Homing Missile;1;0;0;3;8;8;0;000011;
Fumble;0;0;0;-1;0;0;0;000000;
